0
0
0
0
1 76 322
1 (559,0) 
2 (120,0) 
3 (1000,0) 
4 (345,0) 
5 (330,0) 
6 (816,0) 
7 (552,0) 
8 (802,0) 
9 (773,0) 
10 (483,0) 
11 (780,0) 
12 (405,0) 
13 (848,0) 
14 (440,0) 
15 (389,0) 
16 (520,0) 
17 (382,0) 
18 (409,0) 
19 (756,0) 
20 (228,0) 
21 (611,0) 
22 (432,0) 
23 (894,0) 
24 (439,0) 
25 (888,0) 
26 (175,0) 
27 (420,0) 
28 (83,0) 
29 (773,0) 
30 (903,0) 
31 (407,0) 
32 (908,0) 
33 (234,0) 
34 (473,0) 
35 (533,0) 
36 (241,0) 
37 (866,0) 
38 (353,0) 
39 (869,0) 
40 (583,0) 
41 (971,0) 
42 (941,0) 
43 (340,0) 
44 (956,0) 
45 (303,0) 
46 (232,0) 
47 (152,0) 
48 (317,0) 
49 (574,0) 
50 (698,0) 
51 (540,0) 
52 (268,0) 
53 (369,0) 
54 (831,0) 
55 (739,0) 
56 (589,0) 
57 (427,0) 
58 (979,0) 
59 (176,0) 
60 (386,0) 
61 (585,0) 
62 (591,0) 
63 (600,0) 
64 (618,0) 
65 (712,0) 
66 (751,0) 
67 (188,0) 
68 (505,0) 
69 (892,0) 
70 (920,0) 
71 (925,0) 
72 (222,0) 
73 (234,0) 
74 (572,0) 
75 (764,0) 
76 (566,0) 
77 (909,0) 
78 (808,0) 
79 (867,0) 
80 (590,0) 
81 (573,0) 
82 (355,0) 
83 (940,0) 
84 (683,0) 
85 (189,0) 
86 (495,0) 
87 (711,0) 
88 (715,0) 
89 (861,0) 
90 (469,0) 
91 (587,0) 
92 (341,0) 
93 (122,0) 
94 (342,0) 
95 (410,0) 
96 (889,0) 
97 (789,0) 
98 (504,0) 
99 (213,0) 
100 (304,0) 

1 30 919
1 (545,0) 
2 (120,0) 
3 (1000,0) 
4 (344,0) 
5 (330,0) 
6 (816,0) 
7 (552,0) 
8 (802,0) 
9 (773,0) 
10 (483,0) 
11 (780,0) 
12 (405,0) 
13 (848,0) 
14 (440,0) 
15 (386,0) 
16 (520,0) 
17 (382,0) 
18 (409,0) 
19 (756,0) 
20 (228,0) 
21 (611,0) 
22 (432,0) 
23 (894,0) 
24 (439,0) 
25 (888,0) 
26 (175,0) 
27 (420,0) 
28 (83,0) 
29 (773,0) 
30 (-16,1) 
31 (-52,1) 
32 (908,0) 
33 (234,0) 
34 (473,0) 
35 (533,0) 
36 (241,0) 
37 (866,0) 
38 (353,0) 
39 (869,0) 
40 (583,0) 
41 (971,0) 
42 (941,0) 
43 (340,0) 
44 (956,0) 
45 (303,0) 
46 (232,0) 
47 (149,0) 
48 (317,0) 
49 (574,0) 
50 (698,0) 
51 (537,0) 
52 (268,0) 
53 (369,0) 
54 (602,0) 
55 (739,0) 
56 (586,0) 
57 (427,0) 
58 (979,0) 
59 (176,0) 
60 (386,0) 
61 (585,0) 
62 (591,0) 
63 (600,0) 
64 (618,0) 
65 (712,0) 
66 (750,0) 
67 (188,0) 
68 (504,0) 
69 (892,0) 
70 (920,0) 
71 (925,0) 
72 (222,0) 
73 (234,0) 
74 (572,0) 
75 (763,0) 
76 (566,0) 
77 (908,0) 
78 (808,0) 
79 (867,0) 
80 (589,0) 
81 (573,0) 
82 (354,0) 
83 (940,0) 
84 (569,0) 
85 (189,0) 
86 (495,0) 
87 (711,0) 
88 (658,0) 
89 (861,0) 
90 (468,0) 
91 (587,0) 
92 (341,0) 
93 (94,0) 
94 (342,0) 
95 (410,0) 
96 (889,0) 
97 (789,0) 
98 (504,0) 
99 (213,0) 
100 (301,0) 

1 100 794
1 (347,0) 
2 (120,0) 
3 (1000,0) 
4 (320,0) 
5 (327,0) 
6 (815,0) 
7 (552,0) 
8 (801,0) 
9 (770,0) 
10 (482,0) 
11 (681,0) 
12 (404,0) 
13 (848,0) 
14 (439,0) 
15 (337,0) 
16 (514,0) 
17 (382,0) 
18 (406,0) 
19 (753,0) 
20 (228,0) 
21 (611,0) 
22 (429,0) 
23 (894,0) 
24 (439,0) 
25 (888,0) 
26 (174,0) 
27 (420,0) 
28 (82,0) 
29 (772,0) 
30 (-19,1) 
31 (-58,1) 
32 (908,0) 
33 (231,0) 
34 (470,0) 
35 (533,0) 
36 (241,0) 
37 (865,0) 
38 (352,0) 
39 (866,0) 
40 (583,0) 
41 (965,0) 
42 (940,0) 
43 (340,0) 
44 (953,0) 
45 (300,0) 
46 (226,0) 
47 (100,0) 
48 (316,0) 
49 (376,0) 
50 (698,0) 
51 (488,0) 
52 (268,0) 
53 (366,0) 
54 (590,0) 
55 (738,0) 
56 (537,0) 
57 (427,0) 
58 (781,0) 
59 (176,0) 
60 (380,0) 
61 (579,0) 
62 (591,0) 
63 (600,0) 
64 (612,0) 
65 (712,0) 
66 (726,0) 
67 (187,0) 
68 (480,0) 
69 (892,0) 
70 (917,0) 
71 (925,0) 
72 (221,0) 
73 (233,0) 
74 (566,0) 
75 (739,0) 
76 (554,0) 
77 (511,0) 
78 (808,0) 
79 (867,0) 
80 (192,0) 
81 (573,0) 
82 (330,0) 
83 (928,0) 
84 (545,0) 
85 (177,0) 
86 (492,0) 
87 (705,0) 
88 (609,0) 
89 (855,0) 
90 (444,0) 
91 (584,0) 
92 (143,0) 
93 (-303,1) 
94 (339,0) 
95 (398,0) 
96 (886,0) 
97 (786,0) 
98 (504,0) 
99 (213,0) 
100 (-493,1) 

1 11 621
1 (328,0) 
2 (120,0) 
3 (1000,0) 
4 (318,0) 
5 (327,0) 
6 (815,0) 
7 (552,0) 
8 (801,0) 
9 (770,0) 
10 (482,0) 
11 (60,0) 
12 (404,0) 
13 (848,0) 
14 (439,0) 
15 (333,0) 
16 (514,0) 
17 (382,0) 
18 (406,0) 
19 (753,0) 
20 (228,0) 
21 (611,0) 
22 (429,0) 
23 (894,0) 
24 (439,0) 
25 (888,0) 
26 (174,0) 
27 (420,0) 
28 (82,0) 
29 (772,0) 
30 (-19,1) 
31 (-58,1) 
32 (908,0) 
33 (231,0) 
34 (470,0) 
35 (533,0) 
36 (241,0) 
37 (865,0) 
38 (352,0) 
39 (866,0) 
40 (583,0) 
41 (965,0) 
42 (940,0) 
43 (340,0) 
44 (953,0) 
45 (300,0) 
46 (226,0) 
47 (96,0) 
48 (316,0) 
49 (375,0) 
50 (698,0) 
51 (484,0) 
52 (268,0) 
53 (366,0) 
54 (589,0) 
55 (738,0) 
56 (533,0) 
57 (427,0) 
58 (471,0) 
59 (176,0) 
60 (380,0) 
61 (579,0) 
62 (591,0) 
63 (600,0) 
64 (612,0) 
65 (712,0) 
66 (724,0) 
67 (187,0) 
68 (478,0) 
69 (892,0) 
70 (917,0) 
71 (925,0) 
72 (221,0) 
73 (233,0) 
74 (566,0) 
75 (737,0) 
76 (553,0) 
77 (356,0) 
78 (808,0) 
79 (867,0) 
80 (190,0) 
81 (573,0) 
82 (328,0) 
83 (927,0) 
84 (543,0) 
85 (176,0) 
86 (492,0) 
87 (705,0) 
88 (605,0) 
89 (855,0) 
90 (442,0) 
91 (584,0) 
92 (142,0) 
93 (-341,1) 
94 (339,0) 
95 (397,0) 
96 (886,0) 
97 (786,0) 
98 (504,0) 
99 (213,0) 
100 (-570,1) 

0
1 74 61
1 (327,0) 
2 (120,0) 
3 (1000,0) 
4 (318,0) 
5 (327,0) 
6 (815,0) 
7 (552,0) 
8 (801,0) 
9 (770,0) 
10 (482,0) 
11 (60,0) 
12 (404,0) 
13 (848,0) 
14 (439,0) 
15 (333,0) 
16 (514,0) 
17 (382,0) 
18 (406,0) 
19 (753,0) 
20 (228,0) 
21 (611,0) 
22 (429,0) 
23 (894,0) 
24 (439,0) 
25 (888,0) 
26 (174,0) 
27 (420,0) 
28 (82,0) 
29 (757,0) 
30 (-19,1) 
31 (-58,1) 
32 (908,0) 
33 (231,0) 
34 (440,0) 
35 (533,0) 
36 (241,0) 
37 (865,0) 
38 (352,0) 
39 (866,0) 
40 (583,0) 
41 (965,0) 
42 (940,0) 
43 (340,0) 
44 (953,0) 
45 (300,0) 
46 (226,0) 
47 (96,0) 
48 (316,0) 
49 (375,0) 
50 (698,0) 
51 (484,0) 
52 (268,0) 
53 (366,0) 
54 (589,0) 
55 (738,0) 
56 (533,0) 
57 (427,0) 
58 (471,0) 
59 (176,0) 
60 (380,0) 
61 (579,0) 
62 (591,0) 
63 (600,0) 
64 (612,0) 
65 (712,0) 
66 (724,0) 
67 (187,0) 
68 (478,0) 
69 (892,0) 
70 (917,0) 
71 (925,0) 
72 (221,0) 
73 (233,0) 
74 (505,0) 
75 (737,0) 
76 (553,0) 
77 (356,0) 
78 (808,0) 
79 (867,0) 
80 (190,0) 
81 (573,0) 
82 (328,0) 
83 (927,0) 
84 (528,0) 
85 (146,0) 
86 (462,0) 
87 (705,0) 
88 (598,0) 
89 (855,0) 
90 (442,0) 
91 (584,0) 
92 (142,0) 
93 (-344,1) 
94 (339,0) 
95 (397,0) 
96 (886,0) 
97 (786,0) 
98 (504,0) 
99 (213,0) 
100 (-570,1) 

0
1 48 251
1 (326,0) 
2 (120,0) 
3 (1000,0) 
4 (318,0) 
5 (327,0) 
6 (815,0) 
7 (552,0) 
8 (801,0) 
9 (770,0) 
10 (482,0) 
11 (60,0) 
12 (404,0) 
13 (723,0) 
14 (439,0) 
15 (333,0) 
16 (514,0) 
17 (382,0) 
18 (406,0) 
19 (753,0) 
20 (228,0) 
21 (611,0) 
22 (429,0) 
23 (894,0) 
24 (314,0) 
25 (888,0) 
26 (174,0) 
27 (420,0) 
28 (82,0) 
29 (757,0) 
30 (-19,1) 
31 (-58,1) 
32 (908,0) 
33 (231,0) 
34 (440,0) 
35 (533,0) 
36 (241,0) 
37 (865,0) 
38 (352,0) 
39 (741,0) 
40 (583,0) 
41 (965,0) 
42 (940,0) 
43 (278,0) 
44 (953,0) 
45 (300,0) 
46 (226,0) 
47 (96,0) 
48 (65,0) 
49 (375,0) 
50 (698,0) 
51 (484,0) 
52 (268,0) 
53 (366,0) 
54 (589,0) 
55 (738,0) 
56 (533,0) 
57 (427,0) 
58 (471,0) 
59 (176,0) 
60 (318,0) 
61 (579,0) 
62 (591,0) 
63 (600,0) 
64 (612,0) 
65 (712,0) 
66 (724,0) 
67 (187,0) 
68 (478,0) 
69 (892,0) 
70 (917,0) 
71 (925,0) 
72 (221,0) 
73 (233,0) 
74 (505,0) 
75 (737,0) 
76 (553,0) 
77 (356,0) 
78 (808,0) 
79 (867,0) 
80 (190,0) 
81 (573,0) 
82 (328,0) 
83 (927,0) 
84 (513,0) 
85 (115,0) 
86 (462,0) 
87 (705,0) 
88 (591,0) 
89 (855,0) 
90 (442,0) 
91 (584,0) 
92 (142,0) 
93 (-347,1) 
94 (339,0) 
95 (397,0) 
96 (886,0) 
97 (786,0) 
98 (504,0) 
99 (213,0) 
100 (-570,1) 

1 80 90
1 (315,0) 
2 (120,0) 
3 (1000,0) 
4 (317,0) 
5 (327,0) 
6 (815,0) 
7 (552,0) 
8 (801,0) 
9 (770,0) 
10 (482,0) 
11 (60,0) 
12 (404,0) 
13 (723,0) 
14 (439,0) 
15 (331,0) 
16 (514,0) 
17 (382,0) 
18 (406,0) 
19 (753,0) 
20 (228,0) 
21 (611,0) 
22 (429,0) 
23 (894,0) 
24 (314,0) 
25 (888,0) 
26 (174,0) 
27 (420,0) 
28 (82,0) 
29 (757,0) 
30 (-19,1) 
31 (-58,1) 
32 (908,0) 
33 (231,0) 
34 (440,0) 
35 (533,0) 
36 (241,0) 
37 (865,0) 
38 (352,0) 
39 (741,0) 
40 (583,0) 
41 (965,0) 
42 (940,0) 
43 (278,0) 
44 (953,0) 
45 (300,0) 
46 (226,0) 
47 (94,0) 
48 (65,0) 
49 (375,0) 
50 (698,0) 
51 (482,0) 
52 (268,0) 
53 (366,0) 
54 (589,0) 
55 (738,0) 
56 (531,0) 
57 (427,0) 
58 (471,0) 
59 (176,0) 
60 (318,0) 
61 (579,0) 
62 (591,0) 
63 (600,0) 
64 (612,0) 
65 (712,0) 
66 (723,0) 
67 (187,0) 
68 (477,0) 
69 (892,0) 
70 (917,0) 
71 (925,0) 
72 (221,0) 
73 (233,0) 
74 (505,0) 
75 (736,0) 
76 (553,0) 
77 (355,0) 
78 (808,0) 
79 (867,0) 
80 (100,0) 
81 (573,0) 
82 (327,0) 
83 (927,0) 
84 (512,0) 
85 (115,0) 
86 (462,0) 
87 (705,0) 
88 (589,0) 
89 (855,0) 
90 (441,0) 
91 (584,0) 
92 (142,0) 
93 (-369,1) 
94 (339,0) 
95 (397,0) 
96 (886,0) 
97 (786,0) 
98 (504,0) 
99 (213,0) 
100 (-615,1) 

1 69 140
1 (315,0) 
2 (120,0) 
3 (1000,0) 
4 (317,0) 
5 (327,0) 
6 (815,0) 
7 (552,0) 
8 (801,0) 
9 (753,0) 
10 (482,0) 
11 (60,0) 
12 (404,0) 
13 (723,0) 
14 (439,0) 
15 (331,0) 
16 (514,0) 
17 (382,0) 
18 (406,0) 
19 (753,0) 
20 (228,0) 
21 (611,0) 
22 (429,0) 
23 (894,0) 
24 (314,0) 
25 (888,0) 
26 (174,0) 
27 (420,0) 
28 (82,0) 
29 (757,0) 
30 (-19,1) 
31 (-58,1) 
32 (908,0) 
33 (231,0) 
34 (440,0) 
35 (533,0) 
36 (241,0) 
37 (865,0) 
38 (317,0) 
39 (741,0) 
40 (583,0) 
41 (965,0) 
42 (940,0) 
43 (278,0) 
44 (953,0) 
45 (300,0) 
46 (226,0) 
47 (94,0) 
48 (65,0) 
49 (375,0) 
50 (628,0) 
51 (482,0) 
52 (268,0) 
53 (366,0) 
54 (585,0) 
55 (738,0) 
56 (531,0) 
57 (427,0) 
58 (471,0) 
59 (176,0) 
60 (318,0) 
61 (579,0) 
62 (591,0) 
63 (600,0) 
64 (612,0) 
65 (712,0) 
66 (723,0) 
67 (187,0) 
68 (477,0) 
69 (752,0) 
70 (917,0) 
71 (925,0) 
72 (221,0) 
73 (233,0) 
74 (505,0) 
75 (736,0) 
76 (553,0) 
77 (355,0) 
78 (808,0) 
79 (867,0) 
80 (100,0) 
81 (573,0) 
82 (327,0) 
83 (927,0) 
84 (510,0) 
85 (115,0) 
86 (462,0) 
87 (705,0) 
88 (588,0) 
89 (847,0) 
90 (441,0) 
91 (584,0) 
92 (142,0) 
93 (-369,1) 
94 (339,0) 
95 (397,0) 
96 (886,0) 
97 (786,0) 
98 (504,0) 
99 (213,0) 
100 (-615,1) 

1 44 603
1 (306,0) 
2 (120,0) 
3 (1000,0) 
4 (316,0) 
5 (327,0) 
6 (815,0) 
7 (552,0) 
8 (500,0) 
9 (753,0) 
10 (482,0) 
11 (60,0) 
12 (404,0) 
13 (723,0) 
14 (439,0) 
15 (329,0) 
16 (514,0) 
17 (382,0) 
18 (406,0) 
19 (753,0) 
20 (228,0) 
21 (611,0) 
22 (429,0) 
23 (894,0) 
24 (314,0) 
25 (888,0) 
26 (174,0) 
27 (270,0) 
28 (82,0) 
29 (757,0) 
30 (-19,1) 
31 (-58,1) 
32 (908,0) 
33 (231,0) 
34 (440,0) 
35 (533,0) 
36 (241,0) 
37 (865,0) 
38 (317,0) 
39 (741,0) 
40 (583,0) 
41 (965,0) 
42 (940,0) 
43 (278,0) 
44 (350,0) 
45 (300,0) 
46 (226,0) 
47 (92,0) 
48 (65,0) 
49 (375,0) 
50 (628,0) 
51 (480,0) 
52 (268,0) 
53 (366,0) 
54 (585,0) 
55 (738,0) 
56 (529,0) 
57 (427,0) 
58 (471,0) 
59 (176,0) 
60 (17,0) 
61 (579,0) 
62 (591,0) 
63 (600,0) 
64 (612,0) 
65 (712,0) 
66 (722,0) 
67 (187,0) 
68 (476,0) 
69 (752,0) 
70 (917,0) 
71 (925,0) 
72 (221,0) 
73 (233,0) 
74 (505,0) 
75 (735,0) 
76 (553,0) 
77 (354,0) 
78 (808,0) 
79 (867,0) 
80 (99,0) 
81 (573,0) 
82 (326,0) 
83 (927,0) 
84 (435,0) 
85 (-35,1) 
86 (462,0) 
87 (705,0) 
88 (551,0) 
89 (847,0) 
90 (440,0) 
91 (584,0) 
92 (142,0) 
93 (-387,1) 
94 (339,0) 
95 (397,0) 
96 (886,0) 
97 (786,0) 
98 (504,0) 
99 (213,0) 
100 (-617,1) 

1 47 419
1 (202,0) 
2 (120,0) 
3 (1000,0) 
4 (303,0) 
5 (326,0) 
6 (815,0) 
7 (552,0) 
8 (500,0) 
9 (752,0) 
10 (482,0) 
11 (57,0) 
12 (404,0) 
13 (723,0) 
14 (439,0) 
15 (303,0) 
16 (511,0) 
17 (382,0) 
18 (405,0) 
19 (752,0) 
20 (228,0) 
21 (611,0) 
22 (428,0) 
23 (894,0) 
24 (314,0) 
25 (888,0) 
26 (174,0) 
27 (270,0) 
28 (82,0) 
29 (757,0) 
30 (-20,1) 
31 (-61,1) 
32 (908,0) 
33 (230,0) 
34 (439,0) 
35 (533,0) 
36 (241,0) 
37 (865,0) 
38 (317,0) 
39 (740,0) 
40 (583,0) 
41 (962,0) 
42 (940,0) 
43 (278,0) 
44 (349,0) 
45 (299,0) 
46 (223,0) 
47 (-327,1) 
48 (65,0) 
49 (369,0) 
50 (628,0) 
51 (454,0) 
52 (268,0) 
53 (365,0) 
54 (579,0) 
55 (738,0) 
56 (503,0) 
57 (427,0) 
58 (465,0) 
59 (176,0) 
60 (14,0) 
61 (576,0) 
62 (591,0) 
63 (600,0) 
64 (609,0) 
65 (712,0) 
66 (709,0) 
67 (187,0) 
68 (267,0) 
69 (752,0) 
70 (916,0) 
71 (925,0) 
72 (221,0) 
73 (233,0) 
74 (502,0) 
75 (722,0) 
76 (547,0) 
77 (341,0) 
78 (808,0) 
79 (867,0) 
80 (86,0) 
81 (573,0) 
82 (117,0) 
83 (921,0) 
84 (422,0) 
85 (-41,1) 
86 (461,0) 
87 (702,0) 
88 (525,0) 
89 (844,0) 
90 (427,0) 
91 (583,0) 
92 (136,0) 
93 (-596,1) 
94 (338,0) 
95 (391,0) 
96 (885,0) 
97 (785,0) 
98 (504,0) 
99 (213,0) 
100 (-643,1) 

0
0
1 64 827
1 (177,0) 
2 (120,0) 
3 (1000,0) 
4 (300,0) 
5 (326,0) 
6 (815,0) 
7 (552,0) 
8 (500,0) 
9 (752,0) 
10 (482,0) 
11 (57,0) 
12 (404,0) 
13 (723,0) 
14 (439,0) 
15 (297,0) 
16 (511,0) 
17 (382,0) 
18 (405,0) 
19 (752,0) 
20 (228,0) 
21 (611,0) 
22 (428,0) 
23 (894,0) 
24 (314,0) 
25 (888,0) 
26 (174,0) 
27 (270,0) 
28 (82,0) 
29 (757,0) 
30 (-20,1) 
31 (-61,1) 
32 (908,0) 
33 (230,0) 
34 (439,0) 
35 (533,0) 
36 (241,0) 
37 (865,0) 
38 (317,0) 
39 (740,0) 
40 (583,0) 
41 (962,0) 
42 (940,0) 
43 (278,0) 
44 (349,0) 
45 (299,0) 
46 (223,0) 
47 (-333,1) 
48 (65,0) 
49 (368,0) 
50 (628,0) 
51 (448,0) 
52 (268,0) 
53 (365,0) 
54 (578,0) 
55 (738,0) 
56 (497,0) 
57 (427,0) 
58 (464,0) 
59 (176,0) 
60 (14,0) 
61 (576,0) 
62 (591,0) 
63 (600,0) 
64 (-218,1) 
65 (712,0) 
66 (706,0) 
67 (187,0) 
68 (264,0) 
69 (752,0) 
70 (916,0) 
71 (925,0) 
72 (221,0) 
73 (233,0) 
74 (502,0) 
75 (719,0) 
76 (134,0) 
77 (338,0) 
78 (808,0) 
79 (867,0) 
80 (83,0) 
81 (573,0) 
82 (114,0) 
83 (920,0) 
84 (216,0) 
85 (-42,1) 
86 (461,0) 
87 (702,0) 
88 (422,0) 
89 (844,0) 
90 (424,0) 
91 (583,0) 
92 (135,0) 
93 (-647,1) 
94 (338,0) 
95 (390,0) 
96 (885,0) 
97 (785,0) 
98 (504,0) 
99 (213,0) 
100 (-649,1) 

1 39 638
1 (168,0) 
2 (120,0) 
3 (1000,0) 
4 (299,0) 
5 (326,0) 
6 (815,0) 
7 (552,0) 
8 (500,0) 
9 (752,0) 
10 (482,0) 
11 (57,0) 
12 (404,0) 
13 (564,0) 
14 (439,0) 
15 (295,0) 
16 (511,0) 
17 (382,0) 
18 (405,0) 
19 (752,0) 
20 (228,0) 
21 (611,0) 
22 (428,0) 
23 (894,0) 
24 (155,0) 
25 (888,0) 
26 (174,0) 
27 (270,0) 
28 (82,0) 
29 (757,0) 
30 (-20,1) 
31 (-61,1) 
32 (908,0) 
33 (230,0) 
34 (439,0) 
35 (533,0) 
36 (241,0) 
37 (865,0) 
38 (317,0) 
39 (102,0) 
40 (583,0) 
41 (962,0) 
42 (940,0) 
43 (199,0) 
44 (349,0) 
45 (299,0) 
46 (223,0) 
47 (-335,1) 
48 (-254,1) 
49 (368,0) 
50 (628,0) 
51 (446,0) 
52 (268,0) 
53 (365,0) 
54 (578,0) 
55 (738,0) 
56 (495,0) 
57 (427,0) 
58 (464,0) 
59 (176,0) 
60 (-305,1) 
61 (576,0) 
62 (591,0) 
63 (600,0) 
64 (-218,1) 
65 (712,0) 
66 (705,0) 
67 (187,0) 
68 (263,0) 
69 (752,0) 
70 (916,0) 
71 (925,0) 
72 (221,0) 
73 (233,0) 
74 (502,0) 
75 (718,0) 
76 (134,0) 
77 (337,0) 
78 (808,0) 
79 (867,0) 
80 (82,0) 
81 (573,0) 
82 (113,0) 
83 (920,0) 
84 (137,0) 
85 (-201,1) 
86 (461,0) 
87 (702,0) 
88 (383,0) 
89 (844,0) 
90 (423,0) 
91 (583,0) 
92 (135,0) 
93 (-666,1) 
94 (338,0) 
95 (390,0) 
96 (885,0) 
97 (785,0) 
98 (504,0) 
99 (213,0) 
100 (-651,1) 

1 4 833
1 (64,0) 
2 (120,0) 
3 (1000,0) 
4 (-534,1) 
5 (325,0) 
6 (815,0) 
7 (552,0) 
8 (500,0) 
9 (751,0) 
10 (482,0) 
11 (54,0) 
12 (404,0) 
13 (564,0) 
14 (439,0) 
15 (269,0) 
16 (508,0) 
17 (382,0) 
18 (404,0) 
19 (751,0) 
20 (228,0) 
21 (611,0) 
22 (427,0) 
23 (894,0) 
24 (155,0) 
25 (888,0) 
26 (174,0) 
27 (270,0) 
28 (82,0) 
29 (757,0) 
30 (-21,1) 
31 (-64,1) 
32 (908,0) 
33 (229,0) 
34 (438,0) 
35 (533,0) 
36 (241,0) 
37 (865,0) 
38 (317,0) 
39 (101,0) 
40 (583,0) 
41 (959,0) 
42 (940,0) 
43 (199,0) 
44 (348,0) 
45 (298,0) 
46 (220,0) 
47 (-361,1) 
48 (-254,1) 
49 (362,0) 
50 (628,0) 
51 (420,0) 
52 (268,0) 
53 (364,0) 
54 (572,0) 
55 (738,0) 
56 (79,0) 
57 (427,0) 
58 (458,0) 
59 (176,0) 
60 (-308,1) 
61 (573,0) 
62 (591,0) 
63 (600,0) 
64 (-221,1) 
65 (712,0) 
66 (692,0) 
67 (187,0) 
68 (250,0) 
69 (752,0) 
70 (915,0) 
71 (925,0) 
72 (221,0) 
73 (233,0) 
74 (499,0) 
75 (705,0) 
76 (128,0) 
77 (324,0) 
78 (808,0) 
79 (867,0) 
80 (69,0) 
81 (573,0) 
82 (100,0) 
83 (914,0) 
84 (124,0) 
85 (-207,1) 
86 (460,0) 
87 (699,0) 
88 (357,0) 
89 (841,0) 
90 (410,0) 
91 (582,0) 
92 (129,0) 
93 (-874,1) 
94 (337,0) 
95 (384,0) 
96 (884,0) 
97 (784,0) 
98 (504,0) 
99 (213,0) 
100 (-677,1) 

0
0
1 74 263
1 (56,0) 
2 (120,0) 
3 (1000,0) 
4 (-535,1) 
5 (325,0) 
6 (815,0) 
7 (552,0) 
8 (500,0) 
9 (751,0) 
10 (482,0) 
11 (54,0) 
12 (404,0) 
13 (564,0) 
14 (439,0) 
15 (267,0) 
16 (508,0) 
17 (382,0) 
18 (404,0) 
19 (751,0) 
20 (228,0) 
21 (611,0) 
22 (427,0) 
23 (894,0) 
24 (155,0) 
25 (888,0) 
26 (174,0) 
27 (270,0) 
28 (82,0) 
29 (692,0) 
30 (-21,1) 
31 (-64,1) 
32 (908,0) 
33 (229,0) 
34 (307,0) 
35 (533,0) 
36 (241,0) 
37 (865,0) 
38 (317,0) 
39 (101,0) 
40 (583,0) 
41 (959,0) 
42 (940,0) 
43 (199,0) 
44 (348,0) 
45 (298,0) 
46 (220,0) 
47 (-363,1) 
48 (-254,1) 
49 (362,0) 
50 (628,0) 
51 (418,0) 
52 (268,0) 
53 (364,0) 
54 (572,0) 
55 (738,0) 
56 (77,0) 
57 (427,0) 
58 (458,0) 
59 (176,0) 
60 (-308,1) 
61 (573,0) 
62 (591,0) 
63 (600,0) 
64 (-221,1) 
65 (712,0) 
66 (691,0) 
67 (187,0) 
68 (249,0) 
69 (752,0) 
70 (915,0) 
71 (925,0) 
72 (221,0) 
73 (233,0) 
74 (236,0) 
75 (704,0) 
76 (128,0) 
77 (323,0) 
78 (808,0) 
79 (867,0) 
80 (68,0) 
81 (573,0) 
82 (99,0) 
83 (914,0) 
84 (59,0) 
85 (-338,1) 
86 (329,0) 
87 (699,0) 
88 (325,0) 
89 (841,0) 
90 (409,0) 
91 (582,0) 
92 (129,0) 
93 (-890,1) 
94 (337,0) 
95 (384,0) 
96 (884,0) 
97 (784,0) 
98 (504,0) 
99 (213,0) 
100 (-679,1) 

1 66 930
1 (-60,1) 
2 (120,0) 
3 (1000,0) 
4 (-549,1) 
5 (324,0) 
6 (815,0) 
7 (552,0) 
8 (500,0) 
9 (750,0) 
10 (482,0) 
11 (51,0) 
12 (404,0) 
13 (564,0) 
14 (439,0) 
15 (-198,1) 
16 (505,0) 
17 (382,0) 
18 (403,0) 
19 (750,0) 
20 (228,0) 
21 (611,0) 
22 (426,0) 
23 (894,0) 
24 (155,0) 
25 (888,0) 
26 (174,0) 
27 (270,0) 
28 (82,0) 
29 (692,0) 
30 (-22,1) 
31 (-67,1) 
32 (908,0) 
33 (228,0) 
34 (306,0) 
35 (533,0) 
36 (241,0) 
37 (865,0) 
38 (317,0) 
39 (100,0) 
40 (583,0) 
41 (956,0) 
42 (940,0) 
43 (199,0) 
44 (347,0) 
45 (297,0) 
46 (217,0) 
47 (-392,1) 
48 (-254,1) 
49 (355,0) 
50 (628,0) 
51 (389,0) 
52 (268,0) 
53 (363,0) 
54 (565,0) 
55 (738,0) 
56 (48,0) 
57 (427,0) 
58 (451,0) 
59 (176,0) 
60 (-311,1) 
61 (570,0) 
62 (591,0) 
63 (600,0) 
64 (-224,1) 
65 (712,0) 
66 (-239,1) 
67 (187,0) 
68 (235,0) 
69 (752,0) 
70 (914,0) 
71 (925,0) 
72 (221,0) 
73 (233,0) 
74 (233,0) 
75 (690,0) 
76 (121,0) 
77 (309,0) 
78 (808,0) 
79 (867,0) 
80 (54,0) 
81 (573,0) 
82 (85,0) 
83 (907,0) 
84 (45,0) 
85 (-345,1) 
86 (328,0) 
87 (696,0) 
88 (296,0) 
89 (838,0) 
90 (395,0) 
91 (581,0) 
92 (122,0) 
93 (-1122,1) 
94 (336,0) 
95 (377,0) 
96 (883,0) 
97 (783,0) 
98 (504,0) 
99 (213,0) 
100 (-708,1) 

0
0
1 38 863
1 (-66,1) 
2 (120,0) 
3 (1000,0) 
4 (-549,1) 
5 (324,0) 
6 (815,0) 
7 (499,0) 
8 (500,0) 
9 (319,0) 
10 (482,0) 
11 (51,0) 
12 (404,0) 
13 (564,0) 
14 (439,0) 
15 (-199,1) 
16 (505,0) 
17 (382,0) 
18 (403,0) 
19 (750,0) 
20 (228,0) 
21 (611,0) 
22 (426,0) 
23 (894,0) 
24 (155,0) 
25 (888,0) 
26 (174,0) 
27 (270,0) 
28 (82,0) 
29 (692,0) 
30 (-22,1) 
31 (-67,1) 
32 (908,0) 
33 (228,0) 
34 (306,0) 
35 (533,0) 
36 (241,0) 
37 (865,0) 
38 (-546,1) 
39 (100,0) 
40 (583,0) 
41 (956,0) 
42 (940,0) 
43 (199,0) 
44 (347,0) 
45 (297,0) 
46 (217,0) 
47 (-393,1) 
48 (-254,1) 
49 (355,0) 
50 (197,0) 
51 (388,0) 
52 (268,0) 
53 (363,0) 
54 (458,0) 
55 (738,0) 
56 (47,0) 
57 (212,0) 
58 (451,0) 
59 (-39,1) 
60 (-311,1) 
61 (570,0) 
62 (591,0) 
63 (493,0) 
64 (-224,1) 
65 (712,0) 
66 (-239,1) 
67 (187,0) 
68 (235,0) 
69 (537,0) 
70 (914,0) 
71 (494,0) 
72 (221,0) 
73 (233,0) 
74 (233,0) 
75 (690,0) 
76 (121,0) 
77 (309,0) 
78 (377,0) 
79 (867,0) 
80 (54,0) 
81 (142,0) 
82 (85,0) 
83 (907,0) 
84 (-8,1) 
85 (-345,1) 
86 (328,0) 
87 (696,0) 
88 (270,0) 
89 (623,0) 
90 (395,0) 
91 (581,0) 
92 (122,0) 
93 (-1135,1) 
94 (336,0) 
95 (377,0) 
96 (883,0) 
97 (783,0) 
98 (504,0) 
99 (213,0) 
100 (-709,1) 

0
1 35 79
1 (-66,1) 
2 (120,0) 
3 (1000,0) 
4 (-549,1) 
5 (324,0) 
6 (815,0) 
7 (499,0) 
8 (500,0) 
9 (319,0) 
10 (482,0) 
11 (51,0) 
12 (404,0) 
13 (564,0) 
14 (439,0) 
15 (-199,1) 
16 (505,0) 
17 (382,0) 
18 (403,0) 
19 (750,0) 
20 (228,0) 
21 (611,0) 
22 (426,0) 
23 (885,0) 
24 (155,0) 
25 (884,0) 
26 (174,0) 
27 (270,0) 
28 (82,0) 
29 (692,0) 
30 (-22,1) 
31 (-67,1) 
32 (908,0) 
33 (228,0) 
34 (306,0) 
35 (454,0) 
36 (202,0) 
37 (865,0) 
38 (-546,1) 
39 (100,0) 
40 (583,0) 
41 (956,0) 
42 (940,0) 
43 (199,0) 
44 (347,0) 
45 (296,0) 
46 (217,0) 
47 (-393,1) 
48 (-254,1) 
49 (355,0) 
50 (197,0) 
51 (388,0) 
52 (249,0) 
53 (363,0) 
54 (458,0) 
55 (738,0) 
56 (47,0) 
57 (212,0) 
58 (451,0) 
59 (-39,1) 
60 (-311,1) 
61 (570,0) 
62 (591,0) 
63 (493,0) 
64 (-224,1) 
65 (712,0) 
66 (-239,1) 
67 (187,0) 
68 (235,0) 
69 (537,0) 
70 (914,0) 
71 (494,0) 
72 (221,0) 
73 (231,0) 
74 (233,0) 
75 (690,0) 
76 (121,0) 
77 (309,0) 
78 (377,0) 
79 (867,0) 
80 (54,0) 
81 (142,0) 
82 (85,0) 
83 (907,0) 
84 (-8,1) 
85 (-345,1) 
86 (328,0) 
87 (696,0) 
88 (270,0) 
89 (623,0) 
90 (395,0) 
91 (581,0) 
92 (122,0) 
93 (-1135,1) 
94 (336,0) 
95 (377,0) 
96 (883,0) 
97 (783,0) 
98 (504,0) 
99 (213,0) 
100 (-709,1) 

1 88 456
1 (-180,1) 
2 (117,0) 
3 (1000,0) 
4 (-563,1) 
5 (296,0) 
6 (801,0) 
7 (499,0) 
8 (486,0) 
9 (291,0) 
10 (468,0) 
11 (48,0) 
12 (390,0) 
13 (557,0) 
14 (425,0) 
15 (-227,1) 
16 (448,0) 
17 (375,0) 
18 (375,0) 
19 (722,0) 
20 (221,0) 
21 (608,0) 
22 (398,0) 
23 (882,0) 
24 (148,0) 
25 (877,0) 
26 (160,0) 
27 (263,0) 
28 (68,0) 
29 (678,0) 
30 (-50,1) 
31 (-124,1) 
32 (901,0) 
33 (200,0) 
34 (278,0) 
35 (454,0) 
36 (202,0) 
37 (851,0) 
38 (-560,1) 
39 (72,0) 
40 (576,0) 
41 (899,0) 
42 (926,0) 
43 (196,0) 
44 (319,0) 
45 (268,0) 
46 (160,0) 
47 (-421,1) 
48 (-268,1) 
49 (348,0) 
50 (190,0) 
51 (360,0) 
52 (248,0) 
53 (335,0) 
54 (344,0) 
55 (724,0) 
56 (19,0) 
57 (209,0) 
58 (444,0) 
59 (-42,1) 
60 (-368,1) 
61 (513,0) 
62 (591,0) 
63 (492,0) 
64 (-281,1) 
65 (711,0) 
66 (-253,1) 
67 (173,0) 
68 (221,0) 
69 (534,0) 
70 (886,0) 
71 (487,0) 
72 (207,0) 
73 (217,0) 
74 (176,0) 
75 (676,0) 
76 (7,0) 
77 (295,0) 
78 (370,0) 
79 (860,0) 
80 (40,0) 
81 (135,0) 
82 (71,0) 
83 (793,0) 
84 (-236,1) 
85 (-459,1) 
86 (300,0) 
87 (639,0) 
88 (-186,1) 
89 (566,0) 
90 (167,0) 
91 (553,0) 
92 (115,0) 
93 (-1363,1) 
94 (308,0) 
95 (263,0) 
96 (855,0) 
97 (755,0) 
98 (504,0) 
99 (206,0) 
100 (-737,1) 

0
0
9
1 40 612
1 (-182,1) 
2 (117,0) 
3 (1000,0) 
4 (-563,1) 
5 (296,0) 
6 (801,0) 
7 (499,0) 
8 (486,0) 
9 (291,0) 
10 (468,0) 
11 (48,0) 
12 (390,0) 
13 (557,0) 
14 (425,0) 
15 (-227,1) 
16 (448,0) 
17 (375,0) 
18 (375,0) 
19 (722,0) 
20 (221,0) 
21 (608,0) 
22 (398,0) 
23 (882,0) 
24 (148,0) 
25 (877,0) 
26 (160,0) 
27 (263,0) 
28 (68,0) 
29 (678,0) 
30 (-50,1) 
31 (-124,1) 
32 (901,0) 
33 (200,0) 
34 (278,0) 
35 (454,0) 
36 (202,0) 
37 (851,0) 
38 (-560,1) 
39 (72,0) 
40 (-36,1) 
41 (899,0) 
42 (926,0) 
43 (196,0) 
44 (319,0) 
45 (115,0) 
46 (160,0) 
47 (-421,1) 
48 (-268,1) 
49 (348,0) 
50 (190,0) 
51 (360,0) 
52 (248,0) 
53 (335,0) 
54 (344,0) 
55 (724,0) 
56 (19,0) 
57 (209,0) 
58 (444,0) 
59 (-42,1) 
60 (-444,1) 
61 (513,0) 
62 (591,0) 
63 (492,0) 
64 (-281,1) 
65 (711,0) 
66 (-253,1) 
67 (173,0) 
68 (221,0) 
69 (534,0) 
70 (886,0) 
71 (487,0) 
72 (207,0) 
73 (-89,1) 
74 (176,0) 
75 (676,0) 
76 (7,0) 
77 (295,0) 
78 (370,0) 
79 (860,0) 
80 (40,0) 
81 (135,0) 
82 (71,0) 
83 (793,0) 
84 (-255,1) 
85 (-497,1) 
86 (300,0) 
87 (639,0) 
88 (-195,1) 
89 (566,0) 
90 (167,0) 
91 (553,0) 
92 (115,0) 
93 (-1367,1) 
94 (308,0) 
95 (263,0) 
96 (855,0) 
97 (755,0) 
98 (504,0) 
99 (206,0) 
100 (-737,1) 

0
0
1 92 952
1 (-241,1) 
2 (117,0) 
3 (1000,0) 
4 (-570,1) 
5 (296,0) 
6 (801,0) 
7 (499,0) 
8 (486,0) 
9 (291,0) 
10 (468,0) 
11 (47,0) 
12 (390,0) 
13 (557,0) 
14 (425,0) 
15 (-241,1) 
16 (447,0) 
17 (375,0) 
18 (375,0) 
19 (722,0) 
20 (221,0) 
21 (608,0) 
22 (398,0) 
23 (882,0) 
24 (148,0) 
25 (877,0) 
26 (160,0) 
27 (263,0) 
28 (68,0) 
29 (678,0) 
30 (-50,1) 
31 (-125,1) 
32 (901,0) 
33 (200,0) 
34 (278,0) 
35 (454,0) 
36 (202,0) 
37 (851,0) 
38 (-560,1) 
39 (72,0) 
40 (-36,1) 
41 (898,0) 
42 (926,0) 
43 (196,0) 
44 (319,0) 
45 (115,0) 
46 (159,0) 
47 (-435,1) 
48 (-268,1) 
49 (345,0) 
50 (190,0) 
51 (346,0) 
52 (248,0) 
53 (335,0) 
54 (341,0) 
55 (724,0) 
56 (5,0) 
57 (209,0) 
58 (441,0) 
59 (-42,1) 
60 (-445,1) 
61 (512,0) 
62 (591,0) 
63 (492,0) 
64 (-282,1) 
65 (711,0) 
66 (-260,1) 
67 (173,0) 
68 (214,0) 
69 (534,0) 
70 (886,0) 
71 (487,0) 
72 (207,0) 
73 (-89,1) 
74 (175,0) 
75 (669,0) 
76 (4,0) 
77 (-181,1) 
78 (370,0) 
79 (860,0) 
80 (33,0) 
81 (135,0) 
82 (64,0) 
83 (790,0) 
84 (-262,1) 
85 (-500,1) 
86 (300,0) 
87 (638,0) 
88 (-209,1) 
89 (565,0) 
90 (160,0) 
91 (553,0) 
92 (-837,1) 
93 (-1486,1) 
94 (308,0) 
95 (260,0) 
96 (855,0) 
97 (755,0) 
98 (504,0) 
99 (206,0) 
100 (-975,1) 

0
1 38 790
1 (-247,1) 
2 (117,0) 
3 (1000,0) 
4 (-570,1) 
5 (296,0) 
6 (801,0) 
7 (450,0) 
8 (486,0) 
9 (-104,1) 
10 (468,0) 
11 (47,0) 
12 (390,0) 
13 (557,0) 
14 (425,0) 
15 (-242,1) 
16 (447,0) 
17 (375,0) 
18 (375,0) 
19 (722,0) 
20 (221,0) 
21 (608,0) 
22 (398,0) 
23 (882,0) 
24 (148,0) 
25 (877,0) 
26 (160,0) 
27 (263,0) 
28 (68,0) 
29 (678,0) 
30 (-50,1) 
31 (-125,1) 
32 (901,0) 
33 (200,0) 
34 (278,0) 
35 (454,0) 
36 (202,0) 
37 (851,0) 
38 (-1350,1) 
39 (72,0) 
40 (-36,1) 
41 (898,0) 
42 (926,0) 
43 (196,0) 
44 (319,0) 
45 (115,0) 
46 (159,0) 
47 (-436,1) 
48 (-268,1) 
49 (345,0) 
50 (-205,1) 
51 (345,0) 
52 (248,0) 
53 (335,0) 
54 (243,0) 
55 (724,0) 
56 (4,0) 
57 (12,0) 
58 (441,0) 
59 (-239,1) 
60 (-445,1) 
61 (512,0) 
62 (591,0) 
63 (394,0) 
64 (-282,1) 
65 (711,0) 
66 (-260,1) 
67 (173,0) 
68 (214,0) 
69 (337,0) 
70 (886,0) 
71 (92,0) 
72 (207,0) 
73 (-89,1) 
74 (175,0) 
75 (669,0) 
76 (4,0) 
77 (-181,1) 
78 (-25,1) 
79 (860,0) 
80 (33,0) 
81 (-260,1) 
82 (64,0) 
83 (790,0) 
84 (-311,1) 
85 (-500,1) 
86 (300,0) 
87 (638,0) 
88 (-233,1) 
89 (368,0) 
90 (160,0) 
91 (553,0) 
92 (-837,1) 
93 (-1498,1) 
94 (308,0) 
95 (260,0) 
96 (855,0) 
97 (755,0) 
98 (504,0) 
99 (206,0) 
100 (-976,1) 

Time taken : 0.009497
