0
0
0
0
1 76 322
1 (559,0) 
2 (118,0) 
3 (1000,0) 
4 (337,0) 
5 (310,0) 
6 (816,0) 
7 (552,0) 
8 (792,0) 
9 (753,0) 
10 (473,0) 
11 (778,0) 
12 (395,0) 
13 (843,0) 
14 (430,0) 
15 (374,0) 
16 (520,0) 
17 (377,0) 
18 (409,0) 
19 (736,0) 
20 (223,0) 
21 (609,0) 
22 (412,0) 
23 (892,0) 
24 (434,0) 
25 (883,0) 
26 (165,0) 
27 (415,0) 
28 (83,0) 
29 (763,0) 
30 (883,0) 
31 (367,0) 
32 (903,0) 
33 (214,0) 
34 (453,0) 
35 (533,0) 
36 (241,0) 
37 (856,0) 
38 (343,0) 
39 (849,0) 
40 (578,0) 
41 (931,0) 
42 (931,0) 
43 (338,0) 
44 (936,0) 
45 (283,0) 
46 (232,0) 
47 (137,0) 
48 (307,0) 
49 (570,0) 
50 (693,0) 
51 (525,0) 
52 (267,0) 
53 (349,0) 
54 (752,0) 
55 (739,0) 
56 (574,0) 
57 (425,0) 
58 (975,0) 
59 (174,0) 
60 (346,0) 
61 (545,0) 
62 (591,0) 
63 (599,0) 
64 (618,0) 
65 (711,0) 
66 (743,0) 
67 (178,0) 
68 (497,0) 
69 (890,0) 
70 (900,0) 
71 (920,0) 
72 (212,0) 
73 (224,0) 
74 (532,0) 
75 (756,0) 
76 (566,0) 
77 (901,0) 
78 (803,0) 
79 (862,0) 
80 (582,0) 
81 (568,0) 
82 (347,0) 
83 (861,0) 
84 (683,0) 
85 (110,0) 
86 (475,0) 
87 (711,0) 
88 (715,0) 
89 (821,0) 
90 (431,0) 
91 (567,0) 
92 (337,0) 
93 (122,0) 
94 (322,0) 
95 (391,0) 
96 (889,0) 
97 (789,0) 
98 (504,0) 
99 (213,0) 
100 (289,0) 
1 30 919
1 (545,0) 
2 (117,0) 
3 (1000,0) 
4 (330,0) 
5 (253,0) 
6 (809,0) 
7 (551,0) 
8 (785,0) 
9 (696,0) 
10 (445,0) 
11 (777,0) 
12 (388,0) 
13 (840,0) 
14 (423,0) 
15 (360,0) 
16 (492,0) 
17 (374,0) 
18 (395,0) 
19 (722,0) 
20 (220,0) 
21 (608,0) 
22 (355,0) 
23 (891,0) 
24 (431,0) 
25 (880,0) 
26 (158,0) 
27 (412,0) 
28 (76,0) 
29 (756,0) 
30 (-36,1) 
31 (-92,1) 
32 (900,0) 
33 (-15,1) 
34 (439,0) 
35 (533,0) 
36 (241,0) 
37 (849,0) 
38 (315,0) 
39 (835,0) 
40 (575,0) 
41 (817,0) 
42 (924,0) 
43 (337,0) 
44 (922,0) 
45 (269,0) 
46 (204,0) 
47 (123,0) 
48 (300,0) 
49 (567,0) 
50 (679,0) 
51 (511,0) 
52 (267,0) 
53 (335,0) 
54 (523,0) 
55 (732,0) 
56 (560,0) 
57 (418,0) 
58 (972,0) 
59 (167,0) 
60 (318,0) 
61 (517,0) 
62 (591,0) 
63 (596,0) 
64 (590,0) 
65 (711,0) 
66 (736,0) 
67 (171,0) 
68 (490,0) 
69 (883,0) 
70 (843,0) 
71 (906,0) 
72 (205,0) 
73 (217,0) 
74 (504,0) 
75 (749,0) 
76 (509,0) 
77 (894,0) 
78 (789,0) 
79 (859,0) 
80 (575,0) 
81 (554,0) 
82 (340,0) 
83 (804,0) 
84 (569,0) 
85 (53,0) 
86 (461,0) 
87 (683,0) 
88 (658,0) 
89 (707,0) 
90 (403,0) 
91 (553,0) 
92 (334,0) 
93 (94,0) 
94 (308,0) 
95 (377,0) 
96 (875,0) 
97 (775,0) 
98 (504,0) 
99 (210,0) 
100 (275,0) 
1 100 794
1 (347,0) 
2 (116,0) 
3 (1000,0) 
4 (231,0) 
5 (241,0) 
6 (803,0) 
7 (551,0) 
8 (779,0) 
9 (684,0) 
10 (439,0) 
11 (678,0) 
12 (382,0) 
13 (837,0) 
14 (417,0) 
15 (162,0) 
16 (468,0) 
17 (371,0) 
18 (383,0) 
19 (710,0) 
20 (217,0) 
21 (607,0) 
22 (343,0) 
23 (890,0) 
24 (428,0) 
25 (877,0) 
26 (152,0) 
27 (409,0) 
28 (70,0) 
29 (750,0) 
30 (-48,1) 
31 (-116,1) 
32 (897,0) 
33 (-27,1) 
34 (427,0) 
35 (533,0) 
36 (241,0) 
37 (843,0) 
38 (309,0) 
39 (823,0) 
40 (572,0) 
41 (793,0) 
42 (918,0) 
43 (336,0) 
44 (910,0) 
45 (257,0) 
46 (180,0) 
47 (-75,1) 
48 (294,0) 
49 (369,0) 
50 (676,0) 
51 (313,0) 
52 (267,0) 
53 (323,0) 
54 (474,0) 
55 (726,0) 
56 (362,0) 
57 (417,0) 
58 (774,0) 
59 (166,0) 
60 (294,0) 
61 (493,0) 
62 (591,0) 
63 (596,0) 
64 (566,0) 
65 (711,0) 
66 (637,0) 
67 (165,0) 
68 (391,0) 
69 (882,0) 
70 (831,0) 
71 (903,0) 
72 (199,0) 
73 (211,0) 
74 (480,0) 
75 (650,0) 
76 (460,0) 
77 (497,0) 
78 (786,0) 
79 (856,0) 
80 (178,0) 
81 (551,0) 
82 (241,0) 
83 (755,0) 
84 (470,0) 
85 (4,0) 
86 (449,0) 
87 (659,0) 
88 (460,0) 
89 (683,0) 
90 (304,0) 
91 (541,0) 
92 (136,0) 
93 (-303,1) 
94 (296,0) 
95 (328,0) 
96 (863,0) 
97 (763,0) 
98 (504,0) 
99 (207,0) 
100 (-519,1) 
1 11 621
1 (328,0) 
2 (116,0) 
3 (1000,0) 
4 (222,0) 
5 (240,0) 
6 (803,0) 
7 (551,0) 
8 (779,0) 
9 (683,0) 
10 (439,0) 
11 (57,0) 
12 (382,0) 
13 (837,0) 
14 (417,0) 
15 (143,0) 
16 (466,0) 
17 (371,0) 
18 (382,0) 
19 (709,0) 
20 (217,0) 
21 (607,0) 
22 (342,0) 
23 (890,0) 
24 (428,0) 
25 (877,0) 
26 (152,0) 
27 (409,0) 
28 (70,0) 
29 (750,0) 
30 (-49,1) 
31 (-118,1) 
32 (897,0) 
33 (-28,1) 
34 (426,0) 
35 (533,0) 
36 (241,0) 
37 (843,0) 
38 (309,0) 
39 (822,0) 
40 (572,0) 
41 (791,0) 
42 (918,0) 
43 (336,0) 
44 (909,0) 
45 (256,0) 
46 (178,0) 
47 (-94,1) 
48 (294,0) 
49 (292,0) 
50 (676,0) 
51 (294,0) 
52 (267,0) 
53 (322,0) 
54 (470,0) 
55 (726,0) 
56 (343,0) 
57 (417,0) 
58 (464,0) 
59 (166,0) 
60 (292,0) 
61 (491,0) 
62 (591,0) 
63 (596,0) 
64 (564,0) 
65 (711,0) 
66 (628,0) 
67 (165,0) 
68 (382,0) 
69 (882,0) 
70 (830,0) 
71 (903,0) 
72 (199,0) 
73 (211,0) 
74 (478,0) 
75 (641,0) 
76 (456,0) 
77 (342,0) 
78 (786,0) 
79 (856,0) 
80 (140,0) 
81 (551,0) 
82 (232,0) 
83 (751,0) 
84 (461,0) 
85 (0,1) 
86 (448,0) 
87 (657,0) 
88 (441,0) 
89 (681,0) 
90 (295,0) 
91 (540,0) 
92 (59,0) 
93 (-341,1) 
94 (295,0) 
95 (324,0) 
96 (862,0) 
97 (762,0) 
98 (504,0) 
99 (207,0) 
100 (-596,1) 
0
1 74 61
1 (327,0) 
2 (116,0) 
3 (1000,0) 
4 (222,0) 
5 (239,0) 
6 (803,0) 
7 (551,0) 
8 (776,0) 
9 (682,0) 
10 (439,0) 
11 (57,0) 
12 (379,0) 
13 (836,0) 
14 (414,0) 
15 (142,0) 
16 (463,0) 
17 (370,0) 
18 (381,0) 
19 (702,0) 
20 (216,0) 
21 (607,0) 
22 (341,0) 
23 (890,0) 
24 (427,0) 
25 (876,0) 
26 (149,0) 
27 (408,0) 
28 (70,0) 
29 (735,0) 
30 (-50,1) 
31 (-121,1) 
32 (896,0) 
33 (-29,1) 
34 (396,0) 
35 (533,0) 
36 (241,0) 
37 (840,0) 
38 (309,0) 
39 (815,0) 
40 (571,0) 
41 (788,0) 
42 (915,0) 
43 (336,0) 
44 (902,0) 
45 (249,0) 
46 (175,0) 
47 (-95,1) 
48 (291,0) 
49 (292,0) 
50 (676,0) 
51 (293,0) 
52 (267,0) 
53 (315,0) 
54 (463,0) 
55 (726,0) 
56 (342,0) 
57 (417,0) 
58 (464,0) 
59 (166,0) 
60 (277,0) 
61 (476,0) 
62 (591,0) 
63 (596,0) 
64 (561,0) 
65 (711,0) 
66 (628,0) 
67 (162,0) 
68 (382,0) 
69 (882,0) 
70 (829,0) 
71 (903,0) 
72 (196,0) 
73 (208,0) 
74 (417,0) 
75 (641,0) 
76 (449,0) 
77 (342,0) 
78 (786,0) 
79 (855,0) 
80 (140,0) 
81 (551,0) 
82 (232,0) 
83 (744,0) 
84 (446,0) 
85 (-30,1) 
86 (418,0) 
87 (654,0) 
88 (434,0) 
89 (678,0) 
90 (292,0) 
91 (533,0) 
92 (59,0) 
93 (-344,1) 
94 (288,0) 
95 (323,0) 
96 (861,0) 
97 (761,0) 
98 (504,0) 
99 (207,0) 
100 (-597,1) 
0
1 48 251
1 (326,0) 
2 (113,0) 
3 (1000,0) 
4 (222,0) 
5 (238,0) 
6 (803,0) 
7 (551,0) 
8 (761,0) 
9 (681,0) 
10 (439,0) 
11 (57,0) 
12 (364,0) 
13 (711,0) 
14 (411,0) 
15 (141,0) 
16 (460,0) 
17 (363,0) 
18 (380,0) 
19 (671,0) 
20 (215,0) 
21 (604,0) 
22 (340,0) 
23 (887,0) 
24 (302,0) 
25 (869,0) 
26 (146,0) 
27 (401,0) 
28 (70,0) 
29 (732,0) 
30 (-51,1) 
31 (-124,1) 
32 (889,0) 
33 (-30,1) 
34 (389,0) 
35 (533,0) 
36 (241,0) 
37 (825,0) 
38 (309,0) 
39 (690,0) 
40 (564,0) 
41 (785,0) 
42 (900,0) 
43 (274,0) 
44 (871,0) 
45 (218,0) 
46 (172,0) 
47 (-96,1) 
48 (40,0) 
49 (292,0) 
50 (676,0) 
51 (292,0) 
52 (266,0) 
53 (284,0) 
54 (456,0) 
55 (726,0) 
56 (341,0) 
57 (417,0) 
58 (464,0) 
59 (166,0) 
60 (215,0) 
61 (461,0) 
62 (591,0) 
63 (596,0) 
64 (558,0) 
65 (710,0) 
66 (628,0) 
67 (147,0) 
68 (382,0) 
69 (882,0) 
70 (828,0) 
71 (903,0) 
72 (193,0) 
73 (193,0) 
74 (402,0) 
75 (641,0) 
76 (442,0) 
77 (342,0) 
78 (786,0) 
79 (848,0) 
80 (140,0) 
81 (551,0) 
82 (232,0) 
83 (737,0) 
84 (431,0) 
85 (-61,1) 
86 (411,0) 
87 (651,0) 
88 (427,0) 
89 (675,0) 
90 (289,0) 
91 (526,0) 
92 (59,0) 
93 (-347,1) 
94 (281,0) 
95 (322,0) 
96 (860,0) 
97 (760,0) 
98 (504,0) 
99 (207,0) 
100 (-598,1) 
1 80 90
1 (315,0) 
2 (113,0) 
3 (1000,0) 
4 (217,0) 
5 (238,0) 
6 (803,0) 
7 (551,0) 
8 (761,0) 
9 (681,0) 
10 (439,0) 
11 (52,0) 
12 (364,0) 
13 (711,0) 
14 (411,0) 
15 (130,0) 
16 (459,0) 
17 (363,0) 
18 (380,0) 
19 (671,0) 
20 (215,0) 
21 (604,0) 
22 (340,0) 
23 (887,0) 
24 (302,0) 
25 (869,0) 
26 (146,0) 
27 (401,0) 
28 (70,0) 
29 (732,0) 
30 (-51,1) 
31 (-125,1) 
32 (889,0) 
33 (-30,1) 
34 (389,0) 
35 (533,0) 
36 (241,0) 
37 (825,0) 
38 (309,0) 
39 (690,0) 
40 (564,0) 
41 (784,0) 
42 (900,0) 
43 (274,0) 
44 (871,0) 
45 (218,0) 
46 (171,0) 
47 (-107,1) 
48 (40,0) 
49 (281,0) 
50 (676,0) 
51 (281,0) 
52 (266,0) 
53 (284,0) 
54 (454,0) 
55 (726,0) 
56 (330,0) 
57 (417,0) 
58 (453,0) 
59 (166,0) 
60 (214,0) 
61 (460,0) 
62 (591,0) 
63 (596,0) 
64 (557,0) 
65 (710,0) 
66 (623,0) 
67 (147,0) 
68 (377,0) 
69 (882,0) 
70 (828,0) 
71 (903,0) 
72 (193,0) 
73 (193,0) 
74 (401,0) 
75 (636,0) 
76 (440,0) 
77 (320,0) 
78 (786,0) 
79 (848,0) 
80 (50,0) 
81 (551,0) 
82 (227,0) 
83 (735,0) 
84 (426,0) 
85 (-63,1) 
86 (411,0) 
87 (650,0) 
88 (416,0) 
89 (674,0) 
90 (284,0) 
91 (526,0) 
92 (48,0) 
93 (-369,1) 
94 (281,0) 
95 (320,0) 
96 (860,0) 
97 (760,0) 
98 (504,0) 
99 (207,0) 
100 (-643,1) 
1 69 140
1 (315,0) 
2 (113,0) 
3 (1000,0) 
4 (217,0) 
5 (237,0) 
6 (803,0) 
7 (549,0) 
8 (761,0) 
9 (664,0) 
10 (437,0) 
11 (52,0) 
12 (364,0) 
13 (711,0) 
14 (411,0) 
15 (130,0) 
16 (459,0) 
17 (363,0) 
18 (380,0) 
19 (671,0) 
20 (215,0) 
21 (604,0) 
22 (336,0) 
23 (887,0) 
24 (302,0) 
25 (869,0) 
26 (146,0) 
27 (401,0) 
28 (70,0) 
29 (732,0) 
30 (-52,1) 
31 (-127,1) 
32 (889,0) 
33 (-31,1) 
34 (389,0) 
35 (533,0) 
36 (241,0) 
37 (825,0) 
38 (274,0) 
39 (690,0) 
40 (564,0) 
41 (782,0) 
42 (900,0) 
43 (274,0) 
44 (871,0) 
45 (218,0) 
46 (171,0) 
47 (-107,1) 
48 (40,0) 
49 (281,0) 
50 (606,0) 
51 (281,0) 
52 (266,0) 
53 (284,0) 
54 (450,0) 
55 (726,0) 
56 (330,0) 
57 (409,0) 
58 (453,0) 
59 (158,0) 
60 (214,0) 
61 (460,0) 
62 (591,0) 
63 (592,0) 
64 (557,0) 
65 (710,0) 
66 (623,0) 
67 (147,0) 
68 (377,0) 
69 (742,0) 
70 (824,0) 
71 (886,0) 
72 (193,0) 
73 (193,0) 
74 (401,0) 
75 (636,0) 
76 (439,0) 
77 (320,0) 
78 (769,0) 
79 (848,0) 
80 (50,0) 
81 (534,0) 
82 (227,0) 
83 (734,0) 
84 (424,0) 
85 (-64,1) 
86 (411,0) 
87 (650,0) 
88 (415,0) 
89 (666,0) 
90 (284,0) 
91 (526,0) 
92 (48,0) 
93 (-369,1) 
94 (281,0) 
95 (320,0) 
96 (860,0) 
97 (760,0) 
98 (504,0) 
99 (207,0) 
100 (-643,1) 
1 44 603
1 (306,0) 
2 (95,0) 
3 (998,0) 
4 (213,0) 
5 (228,0) 
6 (799,0) 
7 (549,0) 
8 (460,0) 
9 (655,0) 
10 (433,0) 
11 (51,0) 
12 (289,0) 
13 (674,0) 
14 (393,0) 
15 (121,0) 
16 (441,0) 
17 (326,0) 
18 (371,0) 
19 (521,0) 
20 (206,0) 
21 (586,0) 
22 (327,0) 
23 (869,0) 
24 (265,0) 
25 (832,0) 
26 (128,0) 
27 (251,0) 
28 (66,0) 
29 (714,0) 
30 (-61,1) 
31 (-145,1) 
32 (852,0) 
33 (-40,1) 
34 (352,0) 
35 (531,0) 
36 (237,0) 
37 (750,0) 
38 (270,0) 
39 (540,0) 
40 (527,0) 
41 (764,0) 
42 (825,0) 
43 (256,0) 
44 (268,0) 
45 (68,0) 
46 (153,0) 
47 (-116,1) 
48 (-35,1) 
49 (279,0) 
50 (604,0) 
51 (272,0) 
52 (257,0) 
53 (134,0) 
54 (413,0) 
55 (722,0) 
56 (321,0) 
57 (408,0) 
58 (451,0) 
59 (157,0) 
60 (-87,1) 
61 (385,0) 
62 (587,0) 
63 (592,0) 
64 (539,0) 
65 (701,0) 
66 (619,0) 
67 (72,0) 
68 (373,0) 
69 (741,0) 
70 (815,0) 
71 (884,0) 
72 (175,0) 
73 (118,0) 
74 (326,0) 
75 (632,0) 
76 (402,0) 
77 (316,0) 
78 (767,0) 
79 (811,0) 
80 (46,0) 
81 (532,0) 
82 (223,0) 
83 (697,0) 
84 (349,0) 
85 (-214,1) 
86 (374,0) 
87 (632,0) 
88 (378,0) 
89 (648,0) 
90 (266,0) 
91 (489,0) 
92 (46,0) 
93 (-387,1) 
94 (244,0) 
95 (311,0) 
96 (851,0) 
97 (751,0) 
98 (500,0) 
99 (205,0) 
100 (-652,1) 
1 47 419
1 (202,0) 
2 (95,0) 
3 (998,0) 
4 (161,0) 
5 (222,0) 
6 (796,0) 
7 (549,0) 
8 (457,0) 
9 (649,0) 
10 (430,0) 
11 (38,0) 
12 (286,0) 
13 (673,0) 
14 (390,0) 
15 (17,0) 
16 (428,0) 
17 (325,0) 
18 (365,0) 
19 (515,0) 
20 (205,0) 
21 (586,0) 
22 (321,0) 
23 (869,0) 
24 (264,0) 
25 (831,0) 
26 (125,0) 
27 (250,0) 
28 (63,0) 
29 (711,0) 
30 (-67,1) 
31 (-158,1) 
32 (851,0) 
33 (-46,1) 
34 (346,0) 
35 (531,0) 
36 (237,0) 
37 (747,0) 
38 (267,0) 
39 (534,0) 
40 (526,0) 
41 (751,0) 
42 (822,0) 
43 (256,0) 
44 (262,0) 
45 (62,0) 
46 (140,0) 
47 (-535,1) 
48 (-38,1) 
49 (253,0) 
50 (603,0) 
51 (168,0) 
52 (257,0) 
53 (128,0) 
54 (387,0) 
55 (719,0) 
56 (217,0) 
57 (408,0) 
58 (425,0) 
59 (157,0) 
60 (-100,1) 
61 (372,0) 
62 (587,0) 
63 (592,0) 
64 (526,0) 
65 (701,0) 
66 (567,0) 
67 (69,0) 
68 (164,0) 
69 (741,0) 
70 (809,0) 
71 (883,0) 
72 (172,0) 
73 (115,0) 
74 (313,0) 
75 (580,0) 
76 (376,0) 
77 (264,0) 
78 (766,0) 
79 (810,0) 
80 (-6,1) 
81 (531,0) 
82 (14,0) 
83 (671,0) 
84 (297,0) 
85 (-240,1) 
86 (368,0) 
87 (619,0) 
88 (274,0) 
89 (635,0) 
90 (214,0) 
91 (483,0) 
92 (20,0) 
93 (-596,1) 
94 (238,0) 
95 (285,0) 
96 (845,0) 
97 (745,0) 
98 (500,0) 
99 (204,0) 
100 (-756,1) 
0
0
1 64 827
1 (177,0) 
2 (92,0) 
3 (998,0) 
4 (149,0) 
5 (197,0) 
6 (745,0) 
7 (549,0) 
8 (445,0) 
9 (624,0) 
10 (418,0) 
11 (35,0) 
12 (274,0) 
13 (667,0) 
14 (378,0) 
15 (-8,1) 
16 (222,0) 
17 (319,0) 
18 (262,0) 
19 (490,0) 
20 (199,0) 
21 (583,0) 
22 (296,0) 
23 (866,0) 
24 (258,0) 
25 (825,0) 
26 (113,0) 
27 (244,0) 
28 (12,0) 
29 (699,0) 
30 (-92,1) 
31 (-209,1) 
32 (845,0) 
33 (-71,1) 
34 (321,0) 
35 (531,0) 
36 (237,0) 
37 (735,0) 
38 (255,0) 
39 (509,0) 
40 (520,0) 
41 (700,0) 
42 (810,0) 
43 (253,0) 
44 (237,0) 
45 (37,0) 
46 (-66,1) 
47 (-560,1) 
48 (-50,1) 
49 (247,0) 
50 (597,0) 
51 (143,0) 
52 (256,0) 
53 (103,0) 
54 (284,0) 
55 (668,0) 
56 (192,0) 
57 (405,0) 
58 (419,0) 
59 (154,0) 
60 (-151,1) 
61 (321,0) 
62 (587,0) 
63 (591,0) 
64 (-301,1) 
65 (700,0) 
66 (555,0) 
67 (57,0) 
68 (152,0) 
69 (738,0) 
70 (784,0) 
71 (877,0) 
72 (160,0) 
73 (103,0) 
74 (262,0) 
75 (568,0) 
76 (-37,1) 
77 (252,0) 
78 (760,0) 
79 (804,0) 
80 (-18,1) 
81 (525,0) 
82 (2,0) 
83 (568,0) 
84 (91,0) 
85 (-343,1) 
86 (343,0) 
87 (413,0) 
88 (171,0) 
89 (584,0) 
90 (163,0) 
91 (458,0) 
92 (14,0) 
93 (-647,1) 
94 (213,0) 
95 (260,0) 
96 (742,0) 
97 (642,0) 
98 (500,0) 
99 (179,0) 
100 (-781,1) 
1 39 638
1 (168,0) 
2 (73,0) 
3 (996,0) 
4 (145,0) 
5 (188,0) 
6 (741,0) 
7 (549,0) 
8 (366,0) 
9 (615,0) 
10 (414,0) 
11 (34,0) 
12 (195,0) 
13 (508,0) 
14 (359,0) 
15 (-17,1) 
16 (203,0) 
17 (280,0) 
18 (253,0) 
19 (331,0) 
20 (190,0) 
21 (564,0) 
22 (287,0) 
23 (847,0) 
24 (99,0) 
25 (786,0) 
26 (94,0) 
27 (205,0) 
28 (8,0) 
29 (680,0) 
30 (-101,1) 
31 (-228,1) 
32 (806,0) 
33 (-80,1) 
34 (282,0) 
35 (529,0) 
36 (233,0) 
37 (656,0) 
38 (251,0) 
39 (-129,1) 
40 (481,0) 
41 (681,0) 
42 (731,0) 
43 (174,0) 
44 (78,0) 
45 (-122,1) 
46 (-85,1) 
47 (-569,1) 
48 (-369,1) 
49 (245,0) 
50 (595,0) 
51 (134,0) 
52 (247,0) 
53 (-56,1) 
54 (245,0) 
55 (664,0) 
56 (183,0) 
57 (404,0) 
58 (417,0) 
59 (153,0) 
60 (-470,1) 
61 (242,0) 
62 (583,0) 
63 (591,0) 
64 (-320,1) 
65 (691,0) 
66 (551,0) 
67 (-22,1) 
68 (148,0) 
69 (737,0) 
70 (775,0) 
71 (875,0) 
72 (141,0) 
73 (24,0) 
74 (183,0) 
75 (564,0) 
76 (-76,1) 
77 (248,0) 
78 (758,0) 
79 (765,0) 
80 (-22,1) 
81 (523,0) 
82 (-2,1) 
83 (529,0) 
84 (12,0) 
85 (-502,1) 
86 (304,0) 
87 (394,0) 
88 (132,0) 
89 (565,0) 
90 (144,0) 
91 (419,0) 
92 (12,0) 
93 (-666,1) 
94 (174,0) 
95 (251,0) 
96 (733,0) 
97 (633,0) 
98 (496,0) 
99 (177,0) 
100 (-790,1) 
1 4 833
1 (64,0) 
2 (73,0) 
3 (996,0) 
4 (-688,1) 
5 (182,0) 
6 (738,0) 
7 (549,0) 
8 (363,0) 
9 (609,0) 
10 (411,0) 
11 (21,0) 
12 (192,0) 
13 (507,0) 
14 (356,0) 
15 (-121,1) 
16 (190,0) 
17 (279,0) 
18 (247,0) 
19 (325,0) 
20 (189,0) 
21 (564,0) 
22 (281,0) 
23 (847,0) 
24 (98,0) 
25 (785,0) 
26 (91,0) 
27 (204,0) 
28 (5,0) 
29 (677,0) 
30 (-107,1) 
31 (-241,1) 
32 (805,0) 
33 (-86,1) 
34 (276,0) 
35 (529,0) 
36 (233,0) 
37 (653,0) 
38 (248,0) 
39 (-135,1) 
40 (480,0) 
41 (668,0) 
42 (728,0) 
43 (174,0) 
44 (72,0) 
45 (-128,1) 
46 (-98,1) 
47 (-673,1) 
48 (-372,1) 
49 (219,0) 
50 (594,0) 
51 (30,0) 
52 (247,0) 
53 (-62,1) 
54 (219,0) 
55 (661,0) 
56 (-233,1) 
57 (404,0) 
58 (391,0) 
59 (153,0) 
60 (-483,1) 
61 (229,0) 
62 (583,0) 
63 (591,0) 
64 (-333,1) 
65 (691,0) 
66 (499,0) 
67 (-25,1) 
68 (96,0) 
69 (737,0) 
70 (769,0) 
71 (874,0) 
72 (138,0) 
73 (21,0) 
74 (170,0) 
75 (356,0) 
76 (-102,1) 
77 (196,0) 
78 (757,0) 
79 (764,0) 
80 (-74,1) 
81 (522,0) 
82 (-54,1) 
83 (503,0) 
84 (-40,1) 
85 (-528,1) 
86 (298,0) 
87 (381,0) 
88 (28,0) 
89 (552,0) 
90 (92,0) 
91 (413,0) 
92 (-14,1) 
93 (-874,1) 
94 (168,0) 
95 (225,0) 
96 (727,0) 
97 (627,0) 
98 (496,0) 
99 (176,0) 
100 (-894,1) 
0
0
1 74 263
1 (56,0) 
2 (69,0) 
3 (996,0) 
4 (-692,1) 
5 (174,0) 
6 (734,0) 
7 (549,0) 
8 (347,0) 
9 (601,0) 
10 (407,0) 
11 (20,0) 
12 (176,0) 
13 (499,0) 
14 (340,0) 
15 (-129,1) 
16 (174,0) 
17 (271,0) 
18 (239,0) 
19 (293,0) 
20 (181,0) 
21 (560,0) 
22 (273,0) 
23 (843,0) 
24 (90,0) 
25 (777,0) 
26 (75,0) 
27 (196,0) 
28 (1,0) 
29 (612,0) 
30 (-115,1) 
31 (-257,1) 
32 (797,0) 
33 (-94,1) 
34 (145,0) 
35 (529,0) 
36 (232,0) 
37 (637,0) 
38 (244,0) 
39 (-167,1) 
40 (472,0) 
41 (652,0) 
42 (712,0) 
43 (170,0) 
44 (40,0) 
45 (-160,1) 
46 (-114,1) 
47 (-681,1) 
48 (-388,1) 
49 (217,0) 
50 (592,0) 
51 (22,0) 
52 (245,0) 
53 (-94,1) 
54 (187,0) 
55 (657,0) 
56 (-241,1) 
57 (403,0) 
58 (389,0) 
59 (152,0) 
60 (-548,1) 
61 (164,0) 
62 (582,0) 
63 (591,0) 
64 (-349,1) 
65 (689,0) 
66 (495,0) 
67 (-41,1) 
68 (92,0) 
69 (736,0) 
70 (761,0) 
71 (872,0) 
72 (122,0) 
73 (5,0) 
74 (-93,1) 
75 (352,0) 
76 (-134,1) 
77 (192,0) 
78 (755,0) 
79 (756,0) 
80 (-78,1) 
81 (520,0) 
82 (-58,1) 
83 (471,0) 
84 (-105,1) 
85 (-659,1) 
86 (167,0) 
87 (365,0) 
88 (-4,1) 
89 (536,0) 
90 (76,0) 
91 (381,0) 
92 (-16,1) 
93 (-890,1) 
94 (136,0) 
95 (217,0) 
96 (719,0) 
97 (619,0) 
98 (495,0) 
99 (174,0) 
100 (-902,1) 
1 66 930
1 (-60,1) 
2 (69,0) 
3 (996,0) 
4 (-750,1) 
5 (167,0) 
6 (731,0) 
7 (549,0) 
8 (344,0) 
9 (594,0) 
10 (404,0) 
11 (6,0) 
12 (173,0) 
13 (498,0) 
14 (337,0) 
15 (-594,1) 
16 (160,0) 
17 (270,0) 
18 (232,0) 
19 (286,0) 
20 (180,0) 
21 (560,0) 
22 (266,0) 
23 (843,0) 
24 (89,0) 
25 (776,0) 
26 (72,0) 
27 (195,0) 
28 (-2,1) 
29 (609,0) 
30 (-122,1) 
31 (-271,1) 
32 (796,0) 
33 (-101,1) 
34 (138,0) 
35 (529,0) 
36 (232,0) 
37 (634,0) 
38 (241,0) 
39 (-174,1) 
40 (471,0) 
41 (638,0) 
42 (709,0) 
43 (170,0) 
44 (33,0) 
45 (-167,1) 
46 (-128,1) 
47 (-797,1) 
48 (-391,1) 
49 (188,0) 
50 (591,0) 
51 (-94,1) 
52 (245,0) 
53 (-101,1) 
54 (158,0) 
55 (654,0) 
56 (-357,1) 
57 (403,0) 
58 (360,0) 
59 (152,0) 
60 (-562,1) 
61 (150,0) 
62 (582,0) 
63 (591,0) 
64 (-363,1) 
65 (689,0) 
66 (-435,1) 
67 (-44,1) 
68 (34,0) 
69 (736,0) 
70 (754,0) 
71 (871,0) 
72 (119,0) 
73 (2,0) 
74 (-107,1) 
75 (294,0) 
76 (-163,1) 
77 (134,0) 
78 (754,0) 
79 (755,0) 
80 (-136,1) 
81 (519,0) 
82 (-116,1) 
83 (442,0) 
84 (-163,1) 
85 (-688,1) 
86 (160,0) 
87 (351,0) 
88 (-120,1) 
89 (522,0) 
90 (18,0) 
91 (374,0) 
92 (-45,1) 
93 (-1122,1) 
94 (129,0) 
95 (188,0) 
96 (712,0) 
97 (612,0) 
98 (495,0) 
99 (173,0) 
100 (-1018,1) 
0
0
1 38 863
1 (-66,1) 
2 (69,0) 
3 (996,0) 
4 (-753,1) 
5 (141,0) 
6 (728,0) 
7 (496,0) 
8 (341,0) 
9 (163,0) 
10 (351,0) 
11 (6,0) 
12 (170,0) 
13 (497,0) 
14 (334,0) 
15 (-600,1) 
16 (147,0) 
17 (269,0) 
18 (226,0) 
19 (280,0) 
20 (179,0) 
21 (560,0) 
22 (159,0) 
23 (843,0) 
24 (88,0) 
25 (775,0) 
26 (69,0) 
27 (194,0) 
28 (-5,1) 
29 (606,0) 
30 (-148,1) 
31 (-324,1) 
32 (795,0) 
33 (-127,1) 
34 (132,0) 
35 (529,0) 
36 (232,0) 
37 (631,0) 
38 (-622,1) 
39 (-180,1) 
40 (470,0) 
41 (585,0) 
42 (706,0) 
43 (170,0) 
44 (27,0) 
45 (-173,1) 
46 (-141,1) 
47 (-803,1) 
48 (-394,1) 
49 (187,0) 
50 (160,0) 
51 (-100,1) 
52 (245,0) 
53 (-107,1) 
54 (51,0) 
55 (651,0) 
56 (-363,1) 
57 (188,0) 
58 (359,0) 
59 (-63,1) 
60 (-575,1) 
61 (137,0) 
62 (582,0) 
63 (484,0) 
64 (-376,1) 
65 (689,0) 
66 (-438,1) 
67 (-47,1) 
68 (31,0) 
69 (521,0) 
70 (647,0) 
71 (440,0) 
72 (116,0) 
73 (-1,1) 
74 (-120,1) 
75 (291,0) 
76 (-189,1) 
77 (131,0) 
78 (323,0) 
79 (754,0) 
80 (-139,1) 
81 (88,0) 
82 (-119,1) 
83 (416,0) 
84 (-216,1) 
85 (-714,1) 
86 (154,0) 
87 (338,0) 
88 (-146,1) 
89 (307,0) 
90 (5,0) 
91 (368,0) 
92 (-46,1) 
93 (-1135,1) 
94 (123,0) 
95 (182,0) 
96 (706,0) 
97 (606,0) 
98 (495,0) 
99 (172,0) 
100 (-1024,1) 
0
1 35 79
1 (-66,1) 
2 (69,0) 
3 (977,0) 
4 (-753,1) 
5 (141,0) 
6 (728,0) 
7 (496,0) 
8 (341,0) 
9 (163,0) 
10 (351,0) 
11 (6,0) 
12 (170,0) 
13 (497,0) 
14 (334,0) 
15 (-600,1) 
16 (147,0) 
17 (269,0) 
18 (226,0) 
19 (280,0) 
20 (179,0) 
21 (560,0) 
22 (159,0) 
23 (834,0) 
24 (88,0) 
25 (771,0) 
26 (69,0) 
27 (194,0) 
28 (-5,1) 
29 (606,0) 
30 (-148,1) 
31 (-324,1) 
32 (794,0) 
33 (-127,1) 
34 (132,0) 
35 (450,0) 
36 (193,0) 
37 (631,0) 
38 (-622,1) 
39 (-180,1) 
40 (469,0) 
41 (585,0) 
42 (706,0) 
43 (170,0) 
44 (27,0) 
45 (-174,1) 
46 (-141,1) 
47 (-803,1) 
48 (-394,1) 
49 (187,0) 
50 (160,0) 
51 (-100,1) 
52 (226,0) 
53 (-107,1) 
54 (51,0) 
55 (651,0) 
56 (-363,1) 
57 (188,0) 
58 (359,0) 
59 (-63,1) 
60 (-575,1) 
61 (137,0) 
62 (582,0) 
63 (484,0) 
64 (-376,1) 
65 (689,0) 
66 (-438,1) 
67 (-47,1) 
68 (31,0) 
69 (521,0) 
70 (647,0) 
71 (440,0) 
72 (116,0) 
73 (-3,1) 
74 (-120,1) 
75 (291,0) 
76 (-189,1) 
77 (131,0) 
78 (323,0) 
79 (754,0) 
80 (-139,1) 
81 (88,0) 
82 (-119,1) 
83 (416,0) 
84 (-216,1) 
85 (-714,1) 
86 (154,0) 
87 (338,0) 
88 (-146,1) 
89 (307,0) 
90 (5,0) 
91 (368,0) 
92 (-46,1) 
93 (-1135,1) 
94 (123,0) 
95 (182,0) 
96 (706,0) 
97 (606,0) 
98 (495,0) 
99 (172,0) 
100 (-1024,1) 
1 88 456
1 (-180,1) 
2 (66,0) 
3 (977,0) 
4 (-810,1) 
5 (113,0) 
6 (714,0) 
7 (496,0) 
8 (327,0) 
9 (135,0) 
10 (337,0) 
11 (-8,1) 
12 (156,0) 
13 (490,0) 
14 (320,0) 
15 (-714,1) 
16 (90,0) 
17 (262,0) 
18 (198,0) 
19 (252,0) 
20 (172,0) 
21 (557,0) 
22 (131,0) 
23 (831,0) 
24 (81,0) 
25 (764,0) 
26 (55,0) 
27 (187,0) 
28 (-19,1) 
29 (592,0) 
30 (-176,1) 
31 (-381,1) 
32 (787,0) 
33 (-155,1) 
34 (104,0) 
35 (450,0) 
36 (193,0) 
37 (617,0) 
38 (-636,1) 
39 (-208,1) 
40 (462,0) 
41 (528,0) 
42 (692,0) 
43 (167,0) 
44 (-1,1) 
45 (-202,1) 
46 (-198,1) 
47 (-917,1) 
48 (-408,1) 
49 (159,0) 
50 (153,0) 
51 (-214,1) 
52 (225,0) 
53 (-135,1) 
54 (-63,1) 
55 (637,0) 
56 (-477,1) 
57 (185,0) 
58 (331,0) 
59 (-66,1) 
60 (-632,1) 
61 (80,0) 
62 (582,0) 
63 (483,0) 
64 (-433,1) 
65 (688,0) 
66 (-495,1) 
67 (-61,1) 
68 (-26,1) 
69 (518,0) 
70 (619,0) 
71 (433,0) 
72 (102,0) 
73 (-17,1) 
74 (-177,1) 
75 (234,0) 
76 (-303,1) 
77 (74,0) 
78 (316,0) 
79 (747,0) 
80 (-196,1) 
81 (81,0) 
82 (-176,1) 
83 (302,0) 
84 (-444,1) 
85 (-828,1) 
86 (126,0) 
87 (281,0) 
88 (-602,1) 
89 (250,0) 
90 (-223,1) 
91 (340,0) 
92 (-74,1) 
93 (-1363,1) 
94 (95,0) 
95 (68,0) 
96 (678,0) 
97 (578,0) 
98 (495,0) 
99 (165,0) 
100 (-1138,1) 
0
0
21
1 40 612
1 (-182,1) 
2 (47,0) 
3 (968,0) 
4 (-811,1) 
5 (111,0) 
6 (713,0) 
7 (496,0) 
8 (308,0) 
9 (133,0) 
10 (336,0) 
11 (-8,1) 
12 (80,0) 
13 (481,0) 
14 (316,0) 
15 (-716,1) 
16 (86,0) 
17 (224,0) 
18 (196,0) 
19 (214,0) 
20 (170,0) 
21 (538,0) 
22 (129,0) 
23 (755,0) 
24 (72,0) 
25 (611,0) 
26 (51,0) 
27 (178,0) 
28 (-20,1) 
29 (588,0) 
30 (-178,1) 
31 (-385,1) 
32 (634,0) 
33 (-157,1) 
34 (95,0) 
35 (441,0) 
36 (174,0) 
37 (598,0) 
38 (-637,1) 
39 (-246,1) 
40 (-150,1) 
41 (524,0) 
42 (673,0) 
43 (163,0) 
44 (-39,1) 
45 (-355,1) 
46 (-202,1) 
47 (-919,1) 
48 (-427,1) 
49 (159,0) 
50 (153,0) 
51 (-216,1) 
52 (187,0) 
53 (-173,1) 
54 (-72,1) 
55 (636,0) 
56 (-479,1) 
57 (185,0) 
58 (331,0) 
59 (-66,1) 
60 (-708,1) 
61 (61,0) 
62 (578,0) 
63 (483,0) 
64 (-437,1) 
65 (679,0) 
66 (-496,1) 
67 (-80,1) 
68 (-27,1) 
69 (518,0) 
70 (617,0) 
71 (433,0) 
72 (98,0) 
73 (-323,1) 
74 (-196,1) 
75 (233,0) 
76 (-312,1) 
77 (73,0) 
78 (316,0) 
79 (709,0) 
80 (-197,1) 
81 (81,0) 
82 (-177,1) 
83 (293,0) 
84 (-463,1) 
85 (-866,1) 
86 (117,0) 
87 (277,0) 
88 (-611,1) 
89 (246,0) 
90 (-227,1) 
91 (331,0) 
92 (-74,1) 
93 (-1367,1) 
94 (86,0) 
95 (66,0) 
96 (676,0) 
97 (576,0) 
98 (491,0) 
99 (165,0) 
100 (-1140,1) 
0
0
1 92 952
1 (-241,1) 
2 (47,0) 
3 (968,0) 
4 (-840,1) 
5 (108,0) 
6 (712,0) 
7 (496,0) 
8 (307,0) 
9 (130,0) 
10 (335,0) 
11 (-127,1) 
12 (79,0) 
13 (481,0) 
14 (315,0) 
15 (-775,1) 
16 (79,0) 
17 (224,0) 
18 (193,0) 
19 (211,0) 
20 (170,0) 
21 (538,0) 
22 (126,0) 
23 (755,0) 
24 (72,0) 
25 (611,0) 
26 (50,0) 
27 (178,0) 
28 (-21,1) 
29 (587,0) 
30 (-181,1) 
31 (-392,1) 
32 (634,0) 
33 (-160,1) 
34 (92,0) 
35 (441,0) 
36 (174,0) 
37 (597,0) 
38 (-638,1) 
39 (-249,1) 
40 (-150,1) 
41 (517,0) 
42 (672,0) 
43 (163,0) 
44 (-42,1) 
45 (-358,1) 
46 (-209,1) 
47 (-978,1) 
48 (-428,1) 
49 (-79,1) 
50 (153,0) 
51 (-275,1) 
52 (187,0) 
53 (-176,1) 
54 (-86,1) 
55 (635,0) 
56 (-538,1) 
57 (185,0) 
58 (93,0) 
59 (-66,1) 
60 (-715,1) 
61 (54,0) 
62 (578,0) 
63 (483,0) 
64 (-444,1) 
65 (679,0) 
66 (-525,1) 
67 (-81,1) 
68 (-56,1) 
69 (518,0) 
70 (614,0) 
71 (433,0) 
72 (97,0) 
73 (-324,1) 
74 (-203,1) 
75 (204,0) 
76 (-326,1) 
77 (-403,1) 
78 (316,0) 
79 (709,0) 
80 (-316,1) 
81 (81,0) 
82 (-206,1) 
83 (279,0) 
84 (-492,1) 
85 (-880,1) 
86 (114,0) 
87 (270,0) 
88 (-670,1) 
89 (239,0) 
90 (-256,1) 
91 (328,0) 
92 (-1026,1) 
93 (-1486,1) 
94 (83,0) 
95 (52,0) 
96 (673,0) 
97 (573,0) 
98 (491,0) 
99 (165,0) 
100 (-1378,1) 
2
1 38 790
1 (-247,1) 
2 (47,0) 
3 (968,0) 
4 (-843,1) 
5 (84,0) 
6 (709,0) 
7 (447,0) 
8 (304,0) 
9 (-265,1) 
10 (286,0) 
11 (-127,1) 
12 (76,0) 
13 (480,0) 
14 (312,0) 
15 (-781,1) 
16 (67,0) 
17 (223,0) 
18 (187,0) 
19 (205,0) 
20 (169,0) 
21 (538,0) 
22 (28,0) 
23 (755,0) 
24 (71,0) 
25 (610,0) 
26 (47,0) 
27 (177,0) 
28 (-24,1) 
29 (584,0) 
30 (-205,1) 
31 (-441,1) 
32 (633,0) 
33 (-184,1) 
34 (86,0) 
35 (441,0) 
36 (174,0) 
37 (594,0) 
38 (-1428,1) 
39 (-255,1) 
40 (-151,1) 
41 (468,0) 
42 (669,0) 
43 (163,0) 
44 (-48,1) 
45 (-364,1) 
46 (-221,1) 
47 (-984,1) 
48 (-431,1) 
49 (-80,1) 
50 (-242,1) 
51 (-281,1) 
52 (187,0) 
53 (-182,1) 
54 (-184,1) 
55 (632,0) 
56 (-544,1) 
57 (-12,1) 
58 (92,0) 
59 (-263,1) 
60 (-727,1) 
61 (42,0) 
62 (578,0) 
63 (385,0) 
64 (-456,1) 
65 (679,0) 
66 (-528,1) 
67 (-84,1) 
68 (-59,1) 
69 (321,0) 
70 (516,0) 
71 (38,0) 
72 (94,0) 
73 (-327,1) 
74 (-215,1) 
75 (201,0) 
76 (-350,1) 
77 (-406,1) 
78 (-79,1) 
79 (708,0) 
80 (-319,1) 
81 (-314,1) 
82 (-209,1) 
83 (255,0) 
84 (-541,1) 
85 (-904,1) 
86 (108,0) 
87 (258,0) 
88 (-694,1) 
89 (42,0) 
90 (-268,1) 
91 (322,0) 
92 (-1027,1) 
93 (-1498,1) 
94 (77,0) 
95 (46,0) 
96 (667,0) 
97 (567,0) 
98 (491,0) 
99 (164,0) 
100 (-1384,1) 
total time taken : 0.011713
